37 20 28
55 57 85
56 148 78
44 131 68
56 234 76
26 254 40
49 37 11
52 107 62
60 139 56
56 213 26
21 135 34
53 163 42
39 124 15
24 96 27
6 167 58
41 12 84
3 201 46
15 89 91
40 27 15
51 116 10
21 94 68
17 151 63
11 99 4
11 14 45
38 226 22
19 191 79
1 44 8
21 111 9
34 75 27
39 238 40
4 200 34
21 191 80
61 106 28
37 190 67
9 233 60
26 232 18
33 84 23
13 113 26
58 147 91
12 109 72
57 204 89
39 198 18
49 77 1
36 61 79
3 58 6
32 15 13
17 84 18
32 217 24
21 241 23
12 206 84
52 100 61
29 70 89
50 6 22
12 250 73
51 4 2
58 90 7
43 103 93
5 104 60
16 249 52
21 126 15
48 144 42
33 168 96
34 46 20
5 203 29
3 156 75
60 71 68
33 221 71
5 113 81
11 178 96
34 25 78
17 130 74
19 201 99
16 205 17
62 42 74
27 131 22
62 18 72
61 24 70
52 187 3
14 241 54
32 214 83
31 193 95
56 239 19
31 100 38
3 110 84
47 59 57
26 242 48
3 218 78
16 115 34
42 51 11
10 200 81
40 122 85
14 46 1
21 29 83
46 67 68
39 93 27
10 129 58
48 85 43
62 230 84
47 219 24
33 255 24
46 160 48
18 81 36
28 203 12
3 105 59
2 223 33
3 82 10
30 252 26
16 147 13
59 230 56
35 168 43
48 113 71
51 214 82
51 172 44
58 61 88
4 94 97
55 8 26
54 197 13
56 219 37
8 148 37
38 101 55
12 192 54
4 151 16
29 68 30
43 248 71
56 41 41
44 50 79
21 111 35
15 159 62
54 133 63
38 186 22
16 66 46
33 117 50
23 217 26
26 203 70
6 116 19
9 176 13
41 130 42
60 91 45
24 106 39
45 241 10
32 217 68
58 35 44
31 1 61
23 163 7
11 110 70
19 43 53
47 32 93
31 128 25
55 70 30
18 142 69
27 202 8
18 121 76
17 162 59
8 58 92
59 94 34
39 56 96
1 43 46
42 135 92
41 58 68
27 204 12
45 73 18
45 49 56
9 192 86
16 53 91
21 59 45
36 3 58
43 118 96
31 10 70
27 80 81
23 188 56
35 54 94
42 147 10
10 75 55
50 69 7
55 75 41
3 51 2
54 84 49
16 193 42
36 71 56
3 161 79
53 188 81
60 38 40
29 208 32
9 215 5
13 138 94
13 140 14
28 178 17
6 69 80
34 198 54
49 186 76
14 176 91
4 251 37
35 137 94
50 61 68
57 111 30
20 67 91
1 161 34
30 92 16
43 23 75
1 154 65
20 29 79
30 77 26
15 26 63
61 161 91
15 128 4
60 37 65
51 50 27
24 68 1
29 30 30
44 106 33
46 163 44
23 149 31
47 71 96
5 130 28
47 140 14
53 208 8
36 104 12
11 175 22
47 67 38
14 122 70
17 202 96
23 104 76
22 149 57
51 188 12
15 61 4
37 85 22
19 12 63
51 31 52
49 184 42
63 46 76
43 216 40
11 110 75
22 68 74
2 183 14
7 124 42
52 140 28
45 179 69
54 227 27
38 134 76
59 106 73
3 31 73
58 204 74
45 244 71
19 87 36
41 164 47
34 25 82
51 84 33
56 135 97
32 40 20
63 207 68
29 197 30
27 12 72
8 24 31
55 151 32
23 77 15
11 130 38
51 95 60
60 78 45
49 205 85
10 130 38
5 200 16
11 38 14
9 80 86
63 12 69
57 122 46
28 174 90
47 163 15
19 254 14
48 208 65
7 237 47
62 236 54
25 63 43
30 12 91
58 138 67
9 190 12
57 142 20
46 115 46
24 126 66
3 51 6
10 196 88
45 190 19
34 105 81
25 118 15
40 43 21
7 95 45
4 11 35
25 8 55
63 197 2
37 131 58
12 128 64
2 132 13
58 181 28
15 80 30
49 137 26
13 137 63
13 215 45
43 9 42
38 206 4
18 194 78
46 63 93
28 23 26
11 237 77
7 25 10
57 157 57
6 2 31
9 231 28
43 204 84
26 145 46
61 40 91
62 231 81
53 140 93
27 134 59
20 220 6
55 185 49
16 19 64
1 72 92
49 7 33
42 216 38
15 186 92
27 21 51
