14 121 59
39 175 30
59 253 39
54 26 97
57 100 97
15 34 95
37 54 25
18 155 43
38 75 18
40 43 48
40 162 29
42 230 86
41 43 63
26 66 43
56 22 56
47 237 89
13 49 98
7 161 54
48 142 50
53 69 95
5 208 94
37 3 26
46 255 51
1 29 81
34 245 58
51 1 31
14 210 62
58 204 39
5 145 27
46 53 22
61 107 6
46 69 51
18 93 44
9 38 22
59 24 91
3 86 79
40 212 62
43 239 12
1 56 82
53 141 70
19 136 97
17 39 25
21 152 84
14 20 6
28 74 46
62 117 40
48 130 1
36 223 48
26 140 16
28 149 10
40 64 76
61 75 68
46 30 1
30 20 28
63 90 41
25 148 71
33 5 35
16 54 93
32 58 16
47 250 22
62 232 76
9 126 7
6 1 67
47 183 19
49 34 73
38 6 67
38 226 53
62 193 2
2 70 19
13 94 57
23 187 92
43 171 67
52 39 35
42 9 50
42 114 24
54 213 73
45 201 36
38 9 66
39 174 69
26 109 11
62 36 30
57 91 4
24 174 37
32 72 72
32 130 58
1 97 90
59 207 47
25 253 6
2 19 52
47 56 99
63 190 36
28 68 53
38 220 12
57 130 96
29 146 24
47 97 46
33 36 73
7 110 62
6 57 73
15 156 74
1 246 33
15 223 96
32 221 19
30 178 92
7 234 68
5 48 9
17 68 30
12 118 69
27 93 30
45 55 83
18 125 1
29 142 39
22 56 84
33 91 78
21 112 29
24 46 24
60 36 38
10 44 91
38 133 9
39 76 55
26 24 28
55 184 93
25 188 48
47 218 72
45 221 92
27 26 85
25 75 63
28 31 59
21 192 66
54 168 73
7 32 7
61 114 55
25 25 3
19 29 38
9 106 3
27 227 65
26 200 93
2 138 11
4 109 95
63 195 54
43 158 64
44 88 47
13 12 71
25 223 93
19 123 48
9 132 38
1 242 70
56 233 8
50 73 44
20 132 17
4 255 80
32 120 16
54 30 7
51 67 5
63 107 83
3 185 97
26 135 55
56 44 24
15 160 42
51 42 55
34 111 50
7 116 25
55 140 21
43 224 48
11 1 58
48 169 83
15 55 29
30 77 73
6 163 31
25 110 68
43 33 55
57 210 20
10 18 6
23 168 56
62 101 2
10 78 7
34 16 8
41 107 75
19 79 44
43 251 24
46 83 80
39 102 1
45 146 49
33 26 36
25 9 25
27 187 18
55 204 67
42 189 15
22 175 69
61 98 77
8 122 93
23 179 37
48 182 73
3 163 79
25 129 16
22 249 27
6 26 41
19 104 22
12 22 56
46 41 48
11 21 48
25 206 94
38 65 86
14 109 44
55 180 99
44 105 87
46 230 52
16 29 94
1 71 91
3 22 38
38 133 46
34 216 60
60 2 86
24 236 78
35 232 54
6 197 48
30 149 83
41 36 12
16 2 31
14 92 26
10 172 67
18 245 3
10 67 59
31 236 95
51 10 53
15 230 55
46 229 65
58 252 61
36 230 41
14 220 64
30 149 50
10 106 89
51 195 10
48 168 55
23 192 26
34 188 42
60 185 37
38 205 39
19 163 68
46 206 59
55 42 62
63 95 45
63 56 42
37 246 10
1 181 54
14 43 87
63 137 56
57 33 77
54 91 67
12 41 51
44 213 92
49 28 19
9 51 66
55 174 70
51 5 33
55 131 10
