39 33 3
32 91 13
28 37 9
33 196 78
53 26 88
7 149 44
4 17 47
55 104 34
16 223 76
23 195 40
17 77 84
29 108 25
7 235 17
25 216 79
5 92 10
62 223 37
61 217 71
25 127 70
4 112 92
11 80 14
4 14 23
9 51 64
50 89 93
5 182 62
30 204 55
52 101 68
18 100 1
1 155 75
26 31 61
60 178 8
31 226 43
4 94 52
63 67 20
10 98 18
27 220 43
36 196 39
56 46 59
50 76 69
3 122 74
41 115 78
47 71 9
14 125 7
26 100 52
45 149 87
34 233 22
26 106 35
56 77 93
2 235 7
45 36 14
12 23 32
16 5 3
40 208 2
32 130 8
57 173 60
37 78 34
29 242 85
62 7 92
43 149 80
40 129 52
39 85 63
48 101 15
41 216 69
43 16 69
6 83 20
