13 12 25
4 244 49
19 161 73
51 10 56
49 126 63
20 184 29
53 36 77
28 129 56
41 153 15
48 184 43
34 56 21
23 234 44
40 75 50
12 107 40
24 5 9
10 79 58
59 160 28
9 59 65
37 59 7
18 8 44
8 107 17
7 125 59
14 248 93
57 85 61
50 40 73
31 251 91
31 179 19
27 65 50
20 1 62
60 249 48
45 35 42
62 37 27
22 137 79
24 79 66
39 99 84
18 133 89
27 19 10
47 228 17
11 34 41
33 42 19
63 241 86
56 213 92
14 227 73
62 99 60
48 236 39
59 183 85
42 231 15
12 143 38
9 196 99
43 132 66
48 181 20
36 172 82
45 249 82
10 239 76
31 92 31
52 213 49
60 150 30
62 55 35
50 173 34
55 222 6
30 248 86
5 193 43
58 176 5
17 156 93
1 71 3
5 58 87
15 13 37
32 4 38
41 156 86
19 99 97
25 217 29
5 186 7
38 102 94
42 70 52
14 141 29
13 76 14
34 102 81
53 67 81
32 161 90
8 250 44
61 230 38
63 112 98
20 81 79
48 93 26
19 109 28
2 125 13
52 126 33
20 195 90
62 113 70
39 73 18
18 195 29
29 137 86
56 199 61
8 3 48
19 55 98
4 207 25
20 127 86
43 235 27
2 157 17
25 188 52
25 93 49
20 16 95
27 195 37
49 68 88
36 161 12
31 216 39
37 215 84
61 98 73
18 53 6
3 18 12
16 9 74
22 53 76
26 30 26
62 142 74
62 237 79
46 153 64
56 105 99
44 84 7
53 233 18
50 251 9
27 171 14
16 107 6
27 27 7
19 82 1
22 167 2
55 7 54
63 86 46
19 149 94
63 234 98
21 214 76
8 105 55
34 139 41
59 191 51
16 148 6
46 106 1
5 179 59
13 60 35
33 9 29
21 206 18
28 245 63
8 206 68
12 99 99
51 62 35
17 52 37
30 149 14
36 146 10
46 127 69
56 103 87
30 164 1
29 20 48
50 117 98
3 149 40
59 44 2
54 184 11
4 39 17
8 142 17
34 163 22
46 208 2
13 100 4
8 60 1
27 104 31
60 249 66
8 102 83
34 83 54
59 56 35
12 196 21
28 214 77
11 231 17
31 209 31
63 62 50
56 215 48
21 99 69
38 147 71
37 80 54
59 122 9
44 58 32
17 144 72
30 190 87
35 143 26
63 102 11
59 240 88
59 32 17
29 120 19
24 89 40
56 139 63
53 14 84
45 239 1
40 30 31
20 193 14
59 227 87
12 199 27
15 133 91
63 56 57
62 196 64
14 61 79
61 116 98
39 150 65
25 21 97
40 240 61
28 95 84
58 66 64
33 27 52
13 32 72
39 63 43
18 161 10
30 32 28
59 180 39
19 90 34
38 114 39
56 48 45
57 85 55
35 231 91
37 26 35
8 241 43
43 81 67
24 176 68
12 254 51
12 217 93
27 89 86
9 241 45
58 166 60
24 171 18
9 94 94
7 140 36
48 17 91
35 140 84
2 43 35
51 171 33
4 221 50
3 228 23
32 175 85
58 140 53
26 230 32
33 20 15
58 83 28
48 20 65
15 229 73
55 3 18
27 237 56
54 73 18
36 15 8
32 36 89
3 168 74
59 203 9
14 127 64
46 244 12
44 235 6
45 162 39
9 136 87
11 192 10
17 169 80
20 134 36
31 21 34
37 124 71
54 16 69
51 216 61
36 158 23
15 97 35
49 47 36
46 209 14
58 188 93
19 103 46
15 91 34
8 119 19
17 90 61
6 171 94
44 226 81
47 12 47
39 12 82
13 189 26
54 172 4
19 12 13
53 135 13
24 241 19
36 98 88
43 59 88
36 229 40
20 107 62
49 255 1
32 68 83
44 230 78
14 235 73
2 30 98
1 152 42
20 152 50
34 223 65
58 182 85
7 92 50
57 43 68
15 136 35
24 144 56
53 67 14
61 178 28
52 156 4
14 220 89
54 9 65
7 234 81
1 198 37
34 244 18
22 119 61
1 92 14
54 255 79
3 60 31
30 81 51
1 55 71
56 64 69
11 224 54
48 25 79
61 167 21
58 103 71
20 152 65
22 52 30
57 66 38
61 133 79
21 193 26
4 135 51
26 160 50
63 162 37
26 173 97
6 166 89
31 195 3
51 233 36
29 96 68
2 151 30
24 65 80
39 19 98
21 128 19
32 126 99
45 101 20
62 123 21
16 207 23
8 62 31
15 89 62
25 142 46
50 65 48
10 70 92
10 196 6
63 249 47
3 78 41
49 160 63
10 251 11
39 52 72
24 151 33
4 97 29
41 245 59
4 29 51
61 243 44
3 156 84
50 233 43
62 237 26
13 226 93
40 165 29
62 10 19
38 118 23
17 231 7
24 96 60
36 27 74
18 171 84
28 28 58
7 36 77
13 188 6
23 25 1
37 147 32
45 98 87
53 210 88
28 118 57
19 55 80
13 31 31
44 64 54
52 4 13
60 168 12
6 2 63
49 57 77
20 231 33
48 249 79
3 229 73
62 49 94
4 81 86
39 101 9
21 251 91
63 71 95
4 15 30
3 148 25
16 15 30
13 178 99
30 208 40
60 76 18
60 126 22
30 4 53
8 254 57
18 24 90
57 138 64
27 6 23
40 192 9
31 194 52
20 130 34
46 223 9
20 65 43
36 142 22
38 51 8
46 175 45
10 152 50
28 29 47
15 132 13
3 96 69
23 137 7
46 74 51
43 233 62
33 183 43
46 70 65
36 1 90
22 84 86
56 247 56
57 225 43
16 155 38
38 189 48
8 180 52
8 172 2
31 202 93
3 71 71
48 134 33
38 153 83
53 134 95
35 17 33
48 92 88
13 92 38
22 201 70
5 230 20
36 205 70
8 21 20
1 139 61
57 44 7
42 170 29
17 78 13
54 17 34
57 140 29
19 111 19
12 155 15
42 197 7
45 75 74
35 128 53
28 95 67
15 156 41
11 56 14
46 49 79
24 220 94
35 136 73
26 229 79
35 85 60
62 46 18
36 52 18
45 91 97
30 248 28
18 8 9
54 29 39
11 210 8
15 84 32
54 247 86
39 28 62
3 207 38
39 67 89
26 3 39
16 66 45
14 219 40
63 29 9
37 154 92
40 31 17
48 244 70
34 200 99
15 218 47
31 121 79
26 161 22
1 46 74
40 234 80
40 215 59
51 213 80
5 186 98
54 207 69
13 66 72
18 68 43
31 144 58
26 113 91
62 82 32
55 34 74
42 157 19
15 137 59
27 69 24
40 54 1
41 67 54
15 176 55
16 209 54
50 136 45
15 73 73
56 66 29
55 248 56
16 238 63
42 250 27
14 247 2
17 246 6
41 20 88
12 238 11
59 89 96
57 150 76
56 180 84
38 9 96
6 51 85
2 17 30
22 177 64
15 57 22
14 223 54
21 41 38
26 73 17
30 68 39
6 249 79
4 145 53
5 138 67
56 130 75
17 51 50
35 205 85
31 96 36
60 82 37
6 89 35
44 192 74
63 11 26
5 34 74
16 208 71
51 103 37
11 229 58
48 23 53
26 144 80
25 157 95
46 174 58
9 80 42
50 127 9
3 154 54
22 152 37
19 55 51
12 154 18
14 127 47
4 164 3
60 87 41
36 232 15
34 151 81
25 210 92
26 150 71
22 90 94
36 94 48
15 191 41
50 197 51
9 223 3
28 6 67
29 197 13
46 245 4
20 113 10
5 28 60
53 200 24
38 50 97
39 229 55
53 163 99
4 239 85
10 141 79
54 183 26
39 2 41
4 51 64
40 204 47
42 22 15
22 144 46
35 166 60
50 176 5
24 94 30
50 131 4
45 47 94
41 76 20
35 92 26
22 132 91
44 41 85
