60 173 29
4 48 79
62 30 41
3 227 64
1 232 18
8 147 68
50 202 50
25 138 19
14 79 1
41 114 76
33 219 73
50 155 66
26 120 33
33 52 46
4 205 31
57 139 99
37 31 92
14 108 18
52 48 31
60 9 77
44 102 37
37 128 51
13 188 81
18 136 85
47 161 46
33 189 77
21 187 83
23 93 32
57 110 76
10 195 11
36 99 2
58 198 58
47 67 4
42 191 20
33 33 48
2 203 73
28 10 90
54 190 21
4 50 81
43 48 80
38 204 12
50 239 86
54 83 8
13 22 76
33 226 71
61 98 62
27 85 6
10 255 30
45 19 20
48 247 47
24 246 57
30 245 72
19 202 29
7 10 84
1 193 83
58 49 21
2 68 25
28 251 92
20 220 68
5 85 77
50 48 84
21 27 76
24 252 2
60 86 11
3 210 75
22 246 77
18 100 28
21 105 79
10 178 25
9 29 8
13 186 52
28 163 13
5 166 2
28 102 83
30 48 60
29 246 65
25 34 5
22 248 57
31 96 97
54 121 93
33 140 65
23 170 49
52 87 87
29 44 69
53 243 62
58 52 94
53 218 88
49 242 99
46 206 45
16 33 29
47 27 58
43 190 1
62 116 31
11 163 29
6 158 88
21 36 80
1 139 49
19 9 36
4 161 46
43 249 34
57 162 18
55 64 74
61 171 34
12 254 14
35 3 81
27 150 1
60 18 45
35 142 20
49 29 88
56 59 33
40 179 50
13 104 20
28 7 60
18 186 7
9 15 88
15 229 28
12 65 15
40 24 53
20 50 27
48 200 25
49 75 6
46 176 81
36 168 73
39 23 69
17 207 56
40 74 95
25 121 68
61 240 58
4 232 85
24 255 5
59 106 23
12 127 6
23 2 82
22 163 49
42 35 30
21 11 77
41 80 34
26 206 62
6 94 80
7 135 4
4 247 65
15 49 66
29 88 73
39 231 75
42 172 72
23 163 93
54 41 89
48 63 15
41 203 1
59 57 46
61 252 6
45 211 47
23 41 17
60 126 17
62 62 19
4 35 21
36 243 5
43 208 77
58 34 66
63 45 36
24 39 91
60 51 33
27 95 2
28 143 22
37 88 39
63 96 27
49 96 58
17 187 18
61 136 38
14 176 75
56 196 83
1 31 17
17 4 81
29 69 39
4 106 26
60 12 26
42 171 48
48 107 66
41 59 96
60 74 47
22 137 52
10 1 43
28 232 72
63 142 35
42 155 67
18 243 4
63 91 72
17 201 62
9 7 22
14 160 77
20 63 66
24 210 66
