17 90 73
3 234 2
39 244 12
32 17 94
41 141 27
26 170 32
58 112 25
43 127 81
25 132 43
30 42 45
12 2 98
51 46 72
6 106 64
41 128 66
59 144 30
34 254 93
34 196 47
31 147 45
59 241 98
26 168 63
34 242 36
41 34 23
26 202 67
52 168 27
26 131 67
28 153 19
55 61 8
9 245 6
23 84 82
39 177 92
14 13 53
54 197 28
51 175 79
37 255 37
11 244 21
8 236 4
55 43 38
55 50 34
19 53 3
41 35 89
28 131 50
10 181 31
6 249 2
52 103 31
54 233 58
36 242 63
49 77 28
52 126 1
35 11 91
34 51 12
8 165 98
9 23 60
62 66 69
45 100 51
51 225 60
44 221 72
31 196 14
59 30 24
14 64 96
54 137 35
47 90 53
31 113 72
2 218 40
30 209 21
55 143 6
33 80 28
45 162 78
7 189 70
46 146 30
62 226 71
3 77 56
30 197 1
36 109 64
18 178 53
2 88 67
3 51 1
39 29 61
59 114 44
29 98 3
36 91 35
57 16 32
23 65 94
15 244 45
52 27 12
48 59 51
35 80 63
30 22 83
56 105 66
27 44 29
51 227 6
7 155 31
33 141 73
56 95 17
21 33 70
8 255 96
37 57 11
20 168 82
14 250 96
36 187 89
44 165 48
10 7 48
24 209 10
12 35 91
62 224 74
23 42 78
58 122 66
45 198 77
42 218 14
57 190 19
25 252 81
42 101 47
2 184 72
13 16 34
7 242 71
28 247 31
26 86 77
11 185 51
14 62 15
16 107 95
25 224 34
22 97 43
49 108 58
55 128 30
42 135 44
31 13 84
39 192 81
47 4 45
51 88 48
13 154 13
42 25 36
31 199 84
36 212 69
41 240 30
32 48 78
51 52 26
45 8 28
60 203 99
11 1 68
15 6 68
5 5 24
34 115 47
63 16 20
18 120 52
44 209 91
23 239 89
40 208 99
61 100 90
35 132 13
21 84 13
7 152 87
12 46 5
28 109 55
32 24 23
24 243 97
52 188 62
30 240 3
43 214 80
46 55 4
28 13 23
52 85 17
58 141 46
48 97 81
33 31 94
45 228 30
57 45 45
40 61 86
36 193 96
11 54 78
5 193 5
40 210 79
47 239 22
13 160 18
41 254 95
24 59 21
60 106 70
59 22 91
9 120 85
42 132 6
11 158 14
26 133 54
3 246 27
53 172 57
61 208 36
55 5 49
48 136 35
44 223 94
11 137 55
42 106 70
20 46 42
31 100 97
6 30 26
54 25 22
57 78 32
20 190 20
54 161 10
25 36 21
19 56 45
63 157 76
50 64 98
42 15 56
55 95 3
39 191 16
3 65 57
25 147 37
52 127 65
24 138 8
10 165 33
27 149 92
39 72 19
15 19 88
56 178 95
55 90 65
4 53 41
62 72 67
59 48 74
44 156 48
12 209 90
4 238 47
18 111 28
3 36 16
55 170 55
58 147 37
42 40 27
26 130 76
10 120 4
51 96 87
19 255 44
22 175 97
57 111 77
43 174 50
50 186 97
63 39 96
19 255 60
33 57 6
11 84 52
20 98 88
5 225 97
46 126 17
54 151 23
59 200 80
51 60 73
58 26 16
40 174 91
7 254 55
51 255 33
43 57 5
22 102 90
6 245 86
23 53 50
49 154 41
57 57 80
6 197 37
53 67 61
2 118 11
7 87 51
23 133 67
9 96 58
13 43 44
22 231 30
30 106 75
44 118 7
56 138 7
28 32 45
10 75 11
52 243 86
2 210 17
44 106 93
46 98 65
39 238 75
6 54 11
52 141 55
51 164 57
48 69 54
14 38 71
31 197 14
58 245 56
13 55 92
12 235 56
45 224 22
20 143 71
55 154 21
20 24 68
35 202 41
25 9 25
10 4 87
39 76 9
10 158 38
37 76 49
59 39 30
12 112 29
14 66 71
30 113 5
53 196 43
50 82 37
17 225 71
19 58 38
55 245 83
59 254 5
26 29 79
45 253 66
22 105 44
22 24 93
40 194 30
16 195 66
24 68 1
32 211 45
49 127 95
45 45 8
41 108 93
54 138 94
56 244 77
50 132 18
8 71 31
7 117 86
55 246 23
34 215 92
53 159 77
20 196 85
8 7 25
8 23 93
42 41 12
56 210 12
37 30 75
37 123 93
22 102 97
62 144 14
43 23 72
37 56 40
44 23 9
3 238 3
31 130 14
34 199 77
23 86 21
34 143 26
34 41 4
14 63 21
11 79 47
47 188 19
36 137 19
2 7 42
48 137 83
62 198 3
41 254 22
36 77 65
52 249 45
12 60 85
6 67 97
50 149 24
59 189 80
10 121 37
57 212 50
45 50 87
28 181 35
21 86 70
33 149 95
9 15 76
60 112 26
48 22 30
32 59 39
16 192 24
36 140 69
27 210 8
59 108 47
3 223 46
5 172 87
3 86 96
18 192 45
49 237 88
43 205 33
17 198 93
59 252 93
13 55 33
44 28 63
29 251 20
55 2 44
15 2 62
39 179 3
32 122 86
5 237 43
44 237 93
32 190 95
25 69 93
34 186 97
59 163 56
8 107 22
6 114 53
11 69 58
29 155 79
49 18 25
28 18 10
59 173 17
49 44 49
15 50 72
57 225 30
24 62 32
11 135 70
59 239 15
35 57 86
55 181 76
9 130 97
47 42 32
8 162 3
48 137 39
24 230 82
24 12 76
19 48 35
29 126 62
25 73 10
22 62 38
63 210 40
52 3 47
19 236 89
62 6 10
45 55 2
32 87 58
3 59 9
53 195 42
54 229 83
56 111 81
9 251 57
14 20 56
53 108 73
9 62 76
14 240 94
20 90 31
51 3 36
40 235 67
11 90 70
22 177 82
55 150 86
53 74 56
2 210 87
59 117 45
20 217 70
37 14 37
41 120 23
22 134 17
19 130 81
37 39 26
56 196 27
60 203 43
55 118 34
46 8 48
63 251 53
1 241 75
13 141 52
32 175 17
55 129 97
23 103 42
10 5 87
62 108 84
42 46 30
4 109 71
46 119 95
61 239 46
6 157 49
10 152 63
33 173 5
48 175 66
6 193 50
54 250 29
14 105 79
54 124 15
22 20 79
19 48 17
45 157 66
33 198 31
33 57 25
45 162 48
29 37 55
8 165 1
35 62 15
26 16 40
40 152 1
33 194 17
43 72 52
33 93 30
22 89 1
27 241 48
6 211 64
9 148 59
21 234 53
22 141 23
51 33 8
17 119 3
43 125 89
9 79 43
43 76 93
1 93 93
27 120 86
18 86 61
7 118 55
53 210 4
20 90 70
56 69 84
57 246 26
19 188 37
25 178 37
26 167 41
35 8 56
38 109 40
63 17 53
52 200 53
56 12 34
21 9 46
34 184 4
51 82 93
45 175 14
22 13 13
55 209 17
39 230 43
32 8 40
