47 136 69
21 75 61
32 41 25
7 71 95
21 63 94
5 199 78
30 244 86
19 186 32
52 177 13
44 27 4
21 143 10
1 26 38
36 35 99
16 213 33
55 19 40
62 253 79
54 153 86
8 94 95
63 116 34
43 62 20
12 10 43
54 32 99
21 7 66
40 91 52
53 134 24
47 121 39
40 134 75
28 236 93
23 127 19
3 205 43
22 187 24
26 135 49
18 184 28
16 193 3
11 130 84
12 136 96
49 58 14
13 250 8
48 196 37
15 132 82
42 74 11
16 120 29
53 64 30
22 151 77
34 140 70
4 155 18
2 155 28
57 120 73
48 232 57
13 178 60
40 134 35
51 218 59
10 45 58
53 115 68
12 184 74
20 127 69
13 42 41
37 174 14
55 195 41
1 12 97
35 67 19
1 201 95
32 93 91
24 85 5
51 94 40
62 75 44
24 79 79
2 130 64
22 148 68
19 72 63
4 255 8
57 44 33
29 250 72
60 73 87
9 154 76
51 189 48
1 169 86
34 254 5
50 233 95
14 189 9
28 67 25
11 203 85
59 242 25
19 123 4
31 36 36
52 196 64
6 157 45
26 12 83
31 195 28
26 25 94
38 60 95
4 164 87
53 216 19
33 35 47
4 89 54
2 168 1
14 231 17
63 14 59
42 215 64
45 188 74
3 52 18
10 252 37
17 34 67
17 129 89
14 126 95
26 234 32
49 126 88
24 129 17
48 100 75
37 149 70
26 133 79
17 57 38
14 22 5
37 48 89
21 130 47
61 70 61
60 1 34
58 54 62
2 181 21
3 48 79
43 185 41
36 230 83
14 21 88
52 139 62
47 138 17
34 36 79
6 118 10
60 111 70
9 156 80
45 242 39
3 119 30
31 173 73
35 19 8
58 77 18
40 252 61
52 255 30
6 159 35
61 1 64
45 248 58
41 76 53
57 104 73
33 33 1
54 204 76
3 122 4
4 145 68
31 10 5
31 177 1
27 37 28
49 236 37
22 28 58
39 139 69
32 204 15
36 178 54
25 5 2
47 97 91
14 163 22
9 164 26
2 47 49
27 155 15
28 59 70
43 202 23
12 241 79
4 176 69
48 124 87
26 119 69
54 240 70
6 80 35
14 245 81
53 214 67
13 82 60
38 74 92
44 255 66
3 179 2
4 212 89
14 13 52
36 73 14
11 23 70
37 153 2
10 193 22
10 86 32
56 12 27
23 106 9
3 204 91
56 125 43
31 56 51
61 64 10
62 228 54
1 39 59
20 96 87
59 169 83
49 160 56
8 59 83
25 184 14
53 107 40
14 109 22
57 38 5
55 223 93
28 154 96
32 144 52
13 202 63
44 111 19
38 3 30
1 176 76
51 5 69
47 38 30
7 12 95
4 124 89
48 167 25
19 178 24
38 206 88
8 190 65
29 12 98
14 196 69
62 43 24
12 25 15
34 203 82
27 160 35
18 26 95
63 246 2
21 15 98
44 89 82
24 31 31
18 155 30
17 231 45
51 91 36
17 94 7
55 191 94
51 152 64
26 4 8
14 18 91
62 177 9
36 216 2
42 103 41
40 201 34
10 75 53
35 122 98
26 99 3
28 53 78
3 119 46
1 182 25
1 10 68
28 198 24
61 70 62
23 147 37
49 244 10
24 251 86
58 174 61
33 123 7
11 96 35
8 66 3
22 131 55
31 196 71
56 1 63
14 7 62
43 35 98
22 250 67
62 246 2
24 70 30
20 117 79
35 213 77
42 220 36
8 243 12
1 198 64
9 242 49
19 29 33
63 228 87
28 25 68
34 103 69
18 72 43
29 170 14
37 206 80
58 87 6
45 137 29
24 220 84
12 246 75
40 137 46
28 122 14
40 215 77
17 155 68
25 29 84
52 233 80
18 146 9
37 231 35
63 49 61
17 239 27
55 36 78
48 95 30
41 12 70
1 76 96
47 202 90
51 129 20
54 14 81
46 39 47
8 185 66
38 37 87
62 223 14
62 241 63
3 12 58
30 189 26
54 104 42
37 73 91
40 29 23
17 178 17
5 213 63
63 57 44
57 194 13
51 207 19
59 181 19
37 53 75
52 22 62
62 206 80
4 4 77
18 168 44
47 190 85
35 99 84
49 41 73
49 78 9
23 115 81
16 217 78
8 151 17
15 22 69
25 201 72
49 55 29
51 136 39
58 109 5
19 56 70
13 10 99
30 233 49
49 81 79
49 211 52
60 4 9
52 31 13
62 191 27
5 221 24
58 141 29
10 51 71
49 41 47
32 236 63
53 175 43
29 238 98
26 198 11
63 8 12
60 54 97
25 246 67
12 226 48
33 10 66
54 46 16
19 107 15
13 7 44
26 63 98
32 152 4
15 7 4
3 246 34
41 235 99
22 188 48
17 89 24
22 211 25
30 20 64
10 27 29
48 101 46
57 186 1
3 183 68
7 21 52
36 51 83
52 201 82
45 98 43
36 243 58
41 88 2
25 195 28
21 47 8
23 181 11
10 251 19
10 145 90
30 172 72
63 206 27
42 68 85
56 227 12
23 219 81
29 49 45
38 175 42
56 57 71
51 89 68
39 210 56
30 226 51
21 138 60
45 80 21
41 219 78
40 17 96
40 140 3
47 208 7
37 45 42
20 115 44
42 204 40
58 221 74
17 14 94
44 161 33
15 247 10
9 147 41
32 108 46
42 131 81
52 141 10
9 219 97
23 115 24
26 56 44
61 131 6
14 204 97
53 160 12
56 197 57
19 120 49
14 114 39
56 7 55
39 156 92
11 37 78
7 179 18
19 2 20
48 29 8
34 149 2
61 182 47
51 83 31
13 198 93
31 224 36
43 17 44
62 235 25
23 222 3
59 144 3
62 38 47
56 228 6
7 128 3
41 83 2
50 94 8
31 26 55
18 11 95
1 49 85
20 52 15
7 22 24
31 147 59
15 42 87
61 95 28
40 248 56
40 37 81
60 212 35
46 12 26
58 172 47
11 231 68
63 89 62
62 28 83
11 18 92
59 111 32
23 135 73
50 53 41
33 9 9
3 31 82
36 79 6
3 104 94
30 115 22
48 63 50
40 149 84
18 231 77
11 213 26
6 240 91
30 123 43
39 252 65
1 176 69
48 220 98
26 95 9
5 247 2
22 116 15
3 132 69
6 169 3
19 235 10
17 72 46
57 147 50
39 22 69
17 188 41
8 151 86
58 118 28
54 249 47
44 181 45
23 215 4
20 194 50
22 155 98
21 104 75
63 117 39
18 30 76
59 100 24
25 249 37
33 175 87
23 131 72
2 94 75
52 78 95
49 249 95
57 78 50
39 46 84
19 178 48
21 67 28
56 133 73
60 92 45
12 179 59
9 166 89
10 109 21
15 114 57
49 89 98
15 189 12
38 233 27
26 146 15
27 146 77
7 31 29
27 43 3
37 186 85
52 178 78
36 208 14
7 56 29
52 229 51
5 202 52
3 150 86
15 64 63
23 4 35
44 32 64
30 241 82
4 167 11
19 122 67
10 210 6
7 148 54
19 227 63
20 183 87
33 255 47
55 12 73
54 24 63
42 214 57
14 57 14
47 240 52
52 16 43
22 220 38
1 32 8
14 91 63
37 211 20
38 228 95
3 163 50
8 81 53
8 118 62
21 60 65
48 190 80
44 95 87
34 255 21
38 153 20
62 246 97
46 106 6
30 111 60
1 234 34
2 91 2
12 141 93
43 159 37
62 123 95
57 124 87
25 55 17
53 57 43
47 206 5
61 156 58
38 75 41
60 2 22
1 225 43
57 172 7
8 175 46
29 132 96
28 67 69
36 188 25
48 88 63
25 14 70
38 113 67
55 64 52
44 236 80
21 60 49
34 121 54
26 159 52
40 185 37
5 248 22
4 242 93
41 71 88
12 95 58
24 243 18
59 95 37
38 2 60
59 83 18
37 163 78
54 226 85
38 30 7
50 75 21
1 205 81
50 45 52
28 64 89
9 187 57
6 1 19
52 145 93
12 23 53
39 66 92
56 72 75
54 168 31
51 99 30
37 87 73
1 66 88
36 152 22
63 156 41
3 224 54
20 63 96
53 17 41
2 208 40
1 153 74
61 92 62
33 205 1
54 243 50
36 114 17
32 117 88
48 225 1
42 72 41
29 82 15
44 122 31
12 156 13
28 193 29
60 215 47
49 73 19
61 24 58
33 205 78
62 182 88
44 188 79
1 156 36
45 143 41
30 16 70
31 52 44
10 41 72
30 97 21
40 229 62
36 190 37
23 105 58
2 210 30
18 25 17
29 157 95
49 180 11
27 8 25
50 21 81
5 243 67
