55 128 40
56 82 41
25 171 1
17 241 88
6 162 14
38 208 51
43 252 3
33 63 67
3 57 96
11 83 40
63 166 28
37 29 57
11 159 71
47 169 74
35 177 36
31 39 41
3 137 34
31 153 32
60 249 69
44 168 43
5 106 42
61 60 84
30 35 86
24 139 27
15 228 15
20 5 19
49 74 55
59 140 25
18 143 43
8 252 41
33 195 9
55 125 55
34 108 1
17 61 12
62 207 49
41 152 98
10 40 4
8 40 18
43 63 69
35 234 4
8 185 38
33 126 51
38 56 77
5 37 99
10 94 82
59 172 95
54 233 34
18 79 34
8 44 93
39 70 14
23 151 77
16 127 75
54 32 45
51 63 73
51 252 48
4 246 26
63 72 82
43 217 50
1 59 64
4 210 62
13 255 81
61 37 81
36 55 61
50 148 19
60 236 2
27 123 62
15 78 10
6 202 21
12 150 19
48 232 67
40 86 34
53 172 46
54 247 30
11 123 90
55 158 74
10 218 53
29 21 17
41 110 96
50 191 22
47 218 12
14 186 35
45 157 9
14 23 90
56 31 10
34 63 36
37 229 87
8 252 28
32 84 24
32 250 25
37 144 23
28 7 33
15 210 17
4 138 15
1 118 21
34 116 71
61 87 31
32 11 4
53 31 5
42 154 9
49 87 35
31 30 81
57 231 7
23 196 12
62 84 30
35 133 77
58 135 96
8 52 10
25 154 71
27 163 28
62 222 24
7 30 73
18 145 57
17 39 27
54 131 12
39 27 47
8 202 8
58 226 46
46 238 44
37 31 50
50 80 77
55 161 10
34 241 44
17 205 10
56 235 36
61 44 41
29 101 52
48 27 27
13 145 25
60 64 24
14 65 10
3 247 8
51 117 5
53 242 85
26 123 26
7 99 30
30 124 87
26 227 76
46 48 66
38 103 14
5 145 39
47 154 6
26 62 71
20 225 11
25 44 59
47 9 84
47 10 11
7 94 98
31 97 48
47 88 8
58 217 97
36 5 97
12 216 19
15 164 23
19 40 4
52 253 25
59 250 69
41 190 10
26 91 87
31 229 24
34 164 79
34 142 42
55 254 46
25 187 94
46 57 96
20 133 49
16 29 23
54 78 78
28 149 47
37 35 72
25 140 9
30 131 14
63 101 35
16 249 99
48 37 14
34 227 58
24 8 66
30 253 93
48 96 11
56 18 53
1 100 16
8 144 2
35 122 66
35 124 55
29 207 91
28 64 34
53 64 13
40 174 50
5 163 10
12 49 27
19 113 57
13 14 65
23 209 90
16 111 43
27 188 59
21 87 15
57 43 48
23 191 73
41 2 63
57 21 77
8 60 37
28 111 38
44 5 75
29 54 98
32 98 19
14 202 30
13 136 28
49 71 71
2 177 2
21 128 25
38 25 17
11 243 12
9 124 74
24 72 10
49 83 28
6 171 75
58 68 63
13 219 43
41 201 5
37 149 42
58 73 73
38 162 69
43 230 1
8 177 94
23 170 98
5 250 21
43 24 98
56 4 44
57 197 86
35 59 28
32 109 63
22 37 10
55 253 35
22 15 36
57 205 69
10 150 59
10 149 92
30 84 85
46 33 72
7 108 9
63 116 69
34 221 66
20 40 95
50 160 48
9 230 2
56 233 94
28 19 75
11 212 4
3 42 24
44 206 40
25 114 44
16 96 82
2 182 24
20 183 48
51 33 93
20 74 48
41 111 36
40 31 84
50 15 93
38 100 65
35 12 9
35 212 89
29 168 86
54 15 54
44 52 86
37 16 51
8 204 86
50 77 23
18 120 59
7 58 70
60 12 90
39 149 99
41 123 3
8 134 56
23 62 24
45 195 69
31 146 41
56 1 16
25 241 56
39 90 56
56 32 70
23 81 36
60 18 92
36 229 23
3 140 87
32 76 88
40 155 94
22 68 24
29 158 33
45 187 24
37 180 77
35 142 56
3 242 8
26 29 61
56 6 44
36 132 51
52 148 65
17 108 72
33 220 99
61 156 14
45 200 32
49 99 45
51 224 89
53 61 95
41 153 33
11 199 23
27 173 88
40 24 52
58 54 46
47 167 29
27 85 13
49 230 44
31 60 51
26 236 28
35 4 72
20 18 73
20 130 68
1 133 52
10 147 95
55 244 50
24 210 35
58 90 89
35 31 25
17 38 41
23 148 67
18 170 6
25 234 33
5 248 13
35 24 34
52 225 86
33 48 71
43 224 41
3 23 59
32 158 12
33 92 51
53 181 56
56 216 8
44 102 72
43 248 21
13 93 74
5 90 9
51 114 62
48 6 65
46 124 98
39 117 45
28 45 27
41 113 73
4 42 71
57 47 72
59 153 37
52 175 25
38 45 90
12 92 2
61 92 26
43 177 77
55 188 10
11 104 78
7 10 31
55 43 38
18 218 88
28 161 59
11 78 54
39 95 99
62 181 99
20 120 39
35 45 2
1 225 44
28 165 47
50 59 16
1 48 29
5 107 12
29 147 51
4 68 20
19 20 72
62 245 30
57 228 35
34 82 30
38 100 50
3 232 67
49 195 51
43 4 82
56 189 39
46 175 31
17 47 57
17 241 65
3 51 1
4 193 26
10 155 85
29 16 24
60 36 94
3 92 51
17 125 91
52 30 69
16 178 50
44 102 54
30 231 89
4 211 39
21 139 86
56 15 43
38 231 74
41 165 63
63 8 61
22 189 51
54 158 11
42 228 44
50 151 34
14 48 46
60 31 9
18 85 37
51 44 59
48 117 81
25 12 80
57 205 73
7 77 96
17 179 72
53 201 42
33 215 27
46 226 64
11 60 3
28 39 7
56 248 93
33 67 66
59 85 4
27 199 33
53 116 8
56 7 34
49 84 18
52 152 71
35 5 80
46 102 62
47 140 51
10 86 63
63 88 9
62 140 17
63 136 92
44 222 97
32 119 57
17 98 50
44 187 68
8 156 65
36 48 32
32 78 39
27 54 49
10 192 91
30 193 17
26 86 22
31 99 34
10 133 7
33 61 53
