18 91 94
17 190 77
17 149 91
4 97 14
35 159 70
10 180 79
21 41 32
56 108 58
27 252 92
14 9 65
40 118 68
63 239 67
21 149 56
44 184 96
8 230 40
17 109 51
62 167 17
19 132 22
33 235 22
28 11 16
49 196 69
33 142 7
53 99 62
23 88 33
2 120 39
14 3 93
31 209 19
49 214 53
6 165 5
13 14 49
49 42 36
35 242 62
37 81 88
27 176 9
56 89 81
33 118 23
42 93 64
48 141 88
61 176 52
8 222 41
39 93 68
3 42 38
45 137 97
56 174 62
20 245 41
49 120 36
63 200 73
21 12 64
61 68 17
37 243 5
17 49 46
57 218 6
57 13 53
12 76 53
2 159 25
53 93 57
9 69 44
19 125 85
21 52 7
44 111 72
28 145 98
16 117 48
31 100 72
50 245 55
55 212 39
23 77 16
11 230 58
11 124 15
3 247 20
33 176 8
22 50 35
54 239 81
51 20 45
35 97 36
19 180 28
59 17 61
11 202 3
26 228 67
16 185 29
11 62 93
35 70 36
39 190 8
31 165 67
18 18 73
39 65 96
4 57 63
3 135 18
56 83 51
26 243 89
27 82 56
53 39 22
62 102 36
58 28 22
36 100 29
63 33 86
52 24 43
40 47 29
18 245 44
21 80 25
28 88 37
59 216 3
18 65 41
43 40 42
39 49 67
52 121 42
10 99 61
50 53 54
28 240 73
55 89 61
8 55 72
49 101 27
49 167 80
11 172 68
16 190 99
23 29 6
25 95 38
49 219 37
34 248 29
33 165 62
48 112 52
52 232 18
10 191 37
42 85 46
15 124 69
20 96 44
61 237 69
38 246 4
57 33 24
