62 96 11
29 208 90
50 224 18
55 253 2
18 180 37
23 143 76
62 3 73
51 238 93
16 17 1
44 7 80
12 86 14
62 166 83
34 161 46
26 79 59
33 90 50
23 22 87
16 219 48
16 26 69
61 4 68
58 144 5
12 5 46
52 130 62
10 5 69
52 252 13
49 225 8
42 232 27
25 25 49
37 213 11
9 162 61
25 243 80
31 2 40
22 147 16
45 195 16
3 85 65
53 82 96
42 10 99
7 85 31
54 141 58
26 127 87
39 232 85
44 248 79
63 91 33
8 62 20
59 140 49
58 156 88
61 86 72
32 229 95
63 53 96
13 122 73
20 16 68
51 153 80
27 53 93
31 71 59
3 89 31
1 59 65
49 103 24
42 49 78
11 31 9
38 104 95
3 252 38
8 167 77
57 72 31
16 101 18
37 138 18
36 208 69
40 192 13
10 17 59
16 168 31
4 157 78
18 186 87
33 16 33
52 218 27
30 238 54
20 226 73
61 160 25
14 235 17
46 225 69
16 83 57
45 98 49
13 33 88
11 131 61
34 249 80
33 72 98
8 228 48
5 170 12
41 230 66
2 194 22
2 229 96
57 95 50
39 223 30
3 204 20
62 204 95
2 33 61
30 90 11
5 42 79
48 138 17
46 202 20
27 26 51
45 181 67
12 193 37
12 240 66
60 76 29
52 66 67
3 41 68
44 201 68
28 206 26
58 39 70
55 5 97
17 148 2
23 53 96
45 147 39
46 82 65
54 254 21
60 248 38
23 200 55
43 48 69
2 167 86
21 184 1
61 27 5
22 63 38
58 55 38
23 63 3
51 94 26
45 57 41
4 231 64
40 99 98
28 123 46
42 114 18
60 180 48
36 55 10
63 232 24
48 69 9
46 252 97
62 244 78
18 111 7
6 181 19
59 42 31
30 81 35
7 168 6
5 210 50
11 150 77
36 173 31
49 150 86
18 125 45
20 124 56
40 72 40
62 121 94
30 77 87
42 62 31
62 110 79
37 165 24
40 63 74
63 205 25
25 100 9
60 38 7
51 175 76
39 185 83
43 11 46
4 164 47
14 127 18
15 209 68
55 36 79
42 249 83
1 226 5
49 116 71
34 159 92
41 75 30
22 28 26
4 11 30
21 125 10
32 206 6
48 60 36
38 137 5
33 141 8
54 77 20
12 185 78
25 197 63
10 253 24
38 118 23
47 17 62
53 235 71
37 223 82
15 253 65
34 188 67
44 130 90
8 160 47
59 191 63
43 211 61
8 38 69
20 109 23
41 249 15
60 10 18
32 27 7
48 58 12
37 168 16
9 114 78
58 99 61
52 17 47
23 200 84
27 254 32
8 36 22
9 95 74
13 93 7
49 126 46
41 242 19
13 122 40
4 250 21
48 83 56
20 159 25
56 5 23
23 250 11
59 124 2
16 160 17
58 46 16
53 240 81
17 126 49
19 205 34
26 143 68
31 212 93
40 106 79
21 88 92
52 134 55
58 184 21
57 116 38
7 120 55
40 22 80
43 45 45
38 231 56
23 215 28
15 182 62
50 101 32
10 134 3
24 200 76
12 31 53
51 73 28
22 39 15
12 146 63
3 122 12
11 127 80
17 155 30
3 120 48
46 59 93
49 177 75
6 138 43
8 111 39
21 74 19
60 58 13
2 214 98
18 246 81
34 72 67
45 165 58
44 131 53
41 32 80
30 248 87
58 92 80
51 165 47
47 175 30
13 6 37
42 199 4
6 164 67
24 115 52
12 126 43
41 242 10
27 20 85
1 77 38
46 227 92
41 236 6
60 45 38
12 243 92
32 159 62
34 166 81
29 171 63
8 68 47
11 124 5
60 220 65
53 104 7
54 180 80
32 144 78
52 181 60
1 243 47
1 37 84
38 5 31
15 172 86
11 70 8
31 189 57
7 83 51
12 135 7
49 55 5
17 138 74
8 9 42
44 42 56
13 43 60
38 208 28
27 240 42
32 191 82
43 226 41
37 99 1
5 124 97
49 242 31
58 188 23
62 41 77
19 16 65
50 35 37
17 173 89
23 115 97
31 236 38
37 9 23
45 154 93
13 215 79
52 28 93
7 255 51
17 237 60
54 103 59
30 153 94
28 81 44
3 26 41
18 197 49
61 252 86
24 170 93
24 202 31
44 49 18
18 77 11
15 181 1
62 172 45
22 140 6
31 178 27
10 11 13
35 75 73
34 57 91
46 184 97
54 2 22
47 12 6
35 238 91
2 48 35
10 77 26
8 56 41
19 255 82
59 131 97
60 56 96
6 6 55
6 193 91
31 195 41
39 114 97
32 154 36
63 28 82
19 49 15
41 30 26
38 136 38
46 79 30
40 68 93
31 46 9
17 61 73
39 29 3
33 85 80
25 120 69
47 186 42
31 184 57
61 209 49
51 245 16
58 147 87
18 193 71
46 236 21
13 186 51
62 153 14
28 231 88
52 90 51
50 100 85
52 41 90
51 74 82
54 1 21
23 221 76
30 159 50
17 18 56
38 26 37
19 1 85
53 21 8
50 120 74
5 77 5
42 243 94
62 167 90
63 236 24
32 195 47
61 190 56
32 235 3
